0
4
e
0 1
-1 -1.21484375 -1.1875 -0.58984375 1
4
0 0.1 0.5 0.6
y
x^4 + 2 * x^3 - x - 1


1
4
e
0 1
-1 -0.562500 1 4.062500 9
4
0 0.1 0.5 0.6
y
x^4 + 2 * x^3 - x - 1

0
4
e
-5 1
-120 -24 0 0
5
-4 -2 -0.5 0 0.5
n
x*x*x-x

0
4
e
3.5 3.70
33 34.8 36.8 39.1 41.9
5
3.5 3.55 3.60 3.65 3.70
n
sin x

0
2
e
0 3.14159265
0 1 0
3
0 1.57 3.14
y
sin x

0
5
e
-1.5 1.5
-14.1014 -0.931596 0 0.931596 14.1014
4
-1.5 0 1 1.5 
n

0
3
e
0 6
3 6 8
5
3 6 7 8 20
n

0
3
u
0 3 6
3 6 8
5
3 6 7 8 20
n

0
2
e
0 3
3 5
5
3 6 7 8 20
n

0
5
e
-1.5 1.5
-14.1014 -0.931596 0 0.931596 14.1014
5
3 6 7 8 20
n



